500
860295
677517
394969
896586
375922
87328
264761
389080
656062
414937
369099
540447
454685
159363
488722
994569
28193
562654
258867
208071
815225
655655
378263
797139
218408
479051
742096
954662
518437
837748
324268
917353
739883
62445
715157
49683
530797
237561
35646
173671
915566
547569
447790
234773
783246
924937
462957
747980
594191
178991
877118
87683
923860
243814
728251
166765
98008
236529
129041
612939
28322
562003
887636
804646
561055
115327
752277
54138
949078
465002
227324
999714
52434
905232
368509
47615
143452
615078
805814
692486
595889
941041
513085
241987
749765
259226
58241
482642
847364
230098
733735
868193
922674
548889
137333
94114
965978
336133
617919
720922
284884
915345
161647
692821
786120
149315
222495
90697
906642
837597
942432
337678
785392
934667
240087
462009
662321
963630
110773
349939
64938
277486
77812
467370
965618
718512
766802
377987
448204
195980
101289
300534
297047
976055
13115
61516
641925
994856
241753
340291
772767
308514
657563
726899
682969
592164
188366
751171
884507
849247
865714
624605
367469
168079
617720
375724
524617
485972
925948
946536
983030
880129
946224
450077
529886
165969
424373
52968
237029
396518
155315
165343
945208
681975
696691
355883
70541
95551
415792
250473
33430
770191
677253
20716
744591
523082
459468
687618
93657
658045
167477
284722
591940
659118
548874
393445
206777
920989
528932
544117
449738
447034
341857
995272
520562
782918
624189
439150
496882
144223
786134
297465
350536
63854
233357
449388
347078
44774
763829
580326
996888
349167
539379
483802
628296
567063
789153
20688
791153
837014
323344
192617
244323
171141
267994
7220
554439
903804
368235
586814
541908
985085
789067
527696
257369
199768
112338
184108
854627
564762
805022
715093
492529
681204
990788
345919
338641
604302
662005
100631
55414
820290
955109
417328
518873
422112
270592
790505
124352
336254
361618
916301
329187
31966
761959
915446
73693
503724
462125
395076
238208
311195
418663
348836
933030
711277
809795
810632
137374
867699
646139
325566
880129
347927
885083
992245
905539
202274
266278
195391
236159
186824
311420
971483
326580
470980
581880
767672
471154
497643
801886
336805
960687
321573
382623
667731
651309
699249
634663
868490
695309
737940
91705
879263
158237
452109
859373
415183
33326
387376
79987
324675
403524
596351
608589
771661
852882
452887
588785
711511
414067
993042
493452
642241
308145
582399
768809
46758
792583
715406
609316
119947
777340
802402
2473
64567
741087
958477
747274
10011
906764
20912
89747
796916
718431
538549
144712
945887
874671
291517
880981
487886
494785
147792
424120
815878
463716
514422
238777
403668
802895
322430
346479
123854
897230
311479
386201
60452
4559
580125
215495
530387
660875
989187
337509
293959
678558
874488
386299
826477
564384
681760
304610
648596
3569
181827
300077
163214
714166
184693
41132
337678
712051
456244
326848
944776
229244
269229
674527
700879
65645
222708
580633
574277
371162
131955
751819
831972
460988
948984
134307
701982
402845
991015
751258
351340
380665
19777
792122
804270
234727
992920
137622
513794
982875
283197
393119
659105
812731
946869
356859
858246
464845
985908
539055
569970
583142
694544
99530
211955
730320
815477
104930
113944
365892
472715
513339
409412
953870
344092
992341
511851
877178
694281
856010
220019
573992
14885
325399
145088
670079
491122
715333
490228
521230
7087
950341
840745
554056
41608
445133
106839
868227
503284
956465
781435
459759
574964
413043
86175
